-14.46  
-13.63  
-12.89  
-12.13  
-11.34  
-10.48  
-9.71  
-8.89  
-8.02  
-7.27  
-6.43  
-5.62  
-4.7  
-3.84  
-3.07  
-2.28  
-1.47  
-0.79  
0.03000000119  
0.8600000143  
1.710000038  
2.460000038  
3.279999971  
4.119999886  
4.960000038  
5.78000021  
6.559999943  
7.380000114  
8.210000038  
9.06000042  
9.789999962  
10.61999989  
11.46000004  
12.28999996  
13.06000042  
13.82999992  
14.67000008  
15.55000019  
16.38999939  
17.17000008  
17.97999954  
18.82999992  
19.68000031  
20.47999954  
21.31999969  
22.17000008  
22.97999954  
23.80999947  
24.59000015  
25.45000076  
26.31999969  
27.07999992  
27.95999908  
28.80999947  
29.61000061  
30.40999985  
31.30999947  
32.16999817  
32.97999954  
33.75999832  
34.61000061  
35.54999924  
36.34000015  
37.22999954  
38.04000092  
38.88999939  
39.68000031  
40.47000122  
41.33000183  
42.18000031  
42.97999954  
43.79999924  
44.59999847  
45.43999863  
46.16999817  
46.93999863  
47.72000122  
48.50999832  
49.29000092  
50.20000076  
50.93999863  
51.77999878  
52.52999878  
53.36000061  
54.20999908  
55.02999878  
55.84999847  
56.70000076  
57.45999908  
58.22000122  
59.04000092  
59.88000107  
60.70000076  
61.47000122  
62.24000168  
62.99000168  
63.75999832  
64.51999664  
65.33000183  
66.08000183  
66.79000092  
67.61000061  
68.36000061  
69.13999939  
70.02999878  
70.86000061  
71.55999756  
72.27999878  
73.13999939  
73.97000122  
74.75  
75.54000092  
76.26000214  
77.09999847  
77.87999725  
78.58000183  
79.30000305  
80.11000061  
80.86000061  
81.62000275  
82.37999725  
83.12999725  
84.04000092  
84.68000031  
85.40000153  
86.16000366  
86.94000244  
87.70999908  
88.36000061  
89.12000275  
89.79000092  
90.62000275  
91.31999969  
92.09999847  
92.88999939  
93.66000366  
94.37999725  
95.20999908  
96.02999878  
96.77999878  
97.52999878  
98.34999847  
99.22000122  
99.94999695  
100.7200012  
101.6399994  
102.4499969  
103.1900024  
103.9899979  
104.8700027  
105.6200027  
106.4000015  
107.25  
108.1200027  
108.9100037  
109.75  
110.5599976  
111.4100037  
112.1800003  
113.0299988  
113.8399963  
114.6699982  
115.4000015  
116.2399979  
117.1100006  
117.9100037  
118.6699982  
119.5100021  
120.3300018  
121.1600037  
122.0299988  
122.9700012  
123.8099976  
124.6699982  
125.5400009  
126.4000015  
127.1800003  
128.0399933  
128.8899994  
129.6900024  
130.5399933  
131.3899994  
132.2599945  
133.1100006  
133.8999939  
134.7599945  
135.6799927  
136.4700012  
137.2799988  
138.1399994  
139.0399933  
139.8800049  
140.6999969  
141.5500031  
142.4499969  
143.2899933  
144.1300049  
145.0299988  
145.9299927  
146.8699951  
147.7200012  
148.5800018  
149.4499969  
150.3000031  
151.0899963  
151.9299927  
152.8000031  
153.6600037  
154.5099945  
155.3800049  
156.25  
157.0899963  
157.8899994  
158.75  
159.6100006  
160.4100037  
161.2299957  
162.0099945  
162.8699951  
163.6600037  
164.4600067  
165.3000031  
166.0800018  
166.8699951  
167.7100067  
168.5099945  
169.2899933  
170.1100006  
170.9499969  
171.7599945  
172.5299988  
173.3200073  
174.2200012  
175.0299988  
175.7799988  
176.6300049  
177.4499969  
178.2599945  
179.0399933  
179.8699951  
180.6999969  
181.5399933  
182.3699951  
183.1999969  
184.0700073  
184.9499969  
185.8399963  
186.7100067  
187.5299988  
188.3600006  
189.2799988  
190.1999969  
190.9199982  
191.7200012  
192.6100006  
193.3500061  
194.1999969  
195.0299988  
195.9299927  
196.7100067  
197.6000061  
198.4499969  
199.3500061  
200.1999969  
201.0200043  
201.9499969  
202.8800049  
203.6799927  
204.5899963  
205.4900055  
206.3300018  
207.1699982  
208.0399933  
208.8999939  
209.6900024  
210.5299988  
211.3999939  
212.25  
213.0399933  
213.8200073  
214.6600037  
215.5299988  
216.3899994  
217.1699982  
217.9900055  
218.8300018  
219.6600037  
220.4499969  
221.2899933  
222.1199951  
222.9499969  
223.6799927  
224.5099945  
225.3399963  
226.1699982  
226.9299927  
227.7299957  
228.5800018  
229.3800049  
230.1999969  
231.0200043  
231.8699951  
232.6999969  
233.4499969  
234.2899933  
235.1999969  
236.0099945  
236.7799988  
237.6100006  
238.4400024  
239.2899933  
240.0299988  
240.8600006  
241.6999969  
242.5299988  
243.3300018  
244.1300049  
245.0299988  
245.8500061  
246.6799927  
247.5299988  
248.3699951  
249.1999969  
249.9499969  
250.7799988  
251.6300049  
252.4499969  
253.1999969  
254.0299988  
254.8800049  
255.6900024  
256.4599915  
257.269989  
258.1700134  
258.980011  
259.7799988  
260.6499939  
261.5400085  
262.3699951  
263.1300049  
263.9299927  
264.769989  
265.6700134  
266.4400024  
267.25  
268.0599976  
268.9100037  
269.730011  
270.5400085  
271.4100037  
272.25  
273.0299988  
273.8099976  
274.6199951  
275.4700012  
276.2600098  
277.0299988  
277.8800049  
278.7399902  
279.5799866  
280.3099976  
281.1400146  
282.0400085  
282.8900146  
283.7399902  
284.6000061  
285.5100098  
286.3900146  
287.1700134  
287.980011  
288.8099976  
289.6600037  
290.4400024  
291.230011  
292.0799866  
292.9599915  
293.75  
294.6700134  
295.5400085  
296.3699951  
297.1499939  
297.980011  
298.8200073  
299.6000061  
300.3699951  
301.1499939  
301.9500122  
302.730011  
303.4500122  
304.2200012  
305.1099854  
305.9899902  
306.769989  
307.5299988  
308.4400024  
309.3399963  
310.1099854  
310.9100037  
311.769989  
312.6099854  
313.4400024  
314.2000122  
314.9599915  
315.769989  
316.6499939  
317.4500122  
318.2000122  
319.0400085  
319.8800049  
320.769989  
321.5499878  
322.2900085  
323.1400146  
323.9899902  
324.8699951  
325.6900024  
326.5499878  
327.3699951  
328.2000122  
329.1000061  
330.019989  
330.8500061  
331.6700134  
332.5299988  
333.3500061  
334.1799927  
334.9500122  
335.7999878  
336.6400146  
337.4599915  
338.269989  
339.0400085  
339.7900085  
340.6300049  
341.4299927  
342.230011  
343.0299988  
343.8099976  
344.5299988  
345.2999878  
346.0599976  
346.8500061  
347.6000061  
348.3699951  
349.1900024  
349.9500122  
350.7200012  
351.4899902  
352.2799988  
353.0499878  
353.8099976  
354.519989  
355.2200012  
355.9500122  
356.7000122  
357.4500122  
358.1799927  
359  
359.8699951  
360.6199951  
361.4100037  
362.2399902  
363.0400085  
363.7999878  
364.5799866  
365.4599915  
366.25  
367.019989  
367.8299866  
368.7200012  
369.5799866  
370.3999939  
371.3200073  
372.1700134  
372.9700012  
373.8699951  
374.75  
375.6099854  
376.4500122  
377.2799988  
378.1099854  
378.8900146  
379.6700134  
380.480011  
381.2600098  
382.0700073  
382.8800049  
383.730011  
384.5299988  
385.3800049  
386.2200012  
387.019989  
387.8099976  
388.5899963  
389.3800049  
390.2099915  
391  
391.8500061  
392.7200012  
393.5799866  
394.4200134  
395.230011  
396.0899963  
396.9400024  
397.730011  
398.5799866  
399.4299927  
400.230011  
401.0700073  
401.9200134  
402.7999878  
403.6499939  
404.4899902  
405.3099976  
406.1799927  
407.019989  
407.8800049  
408.7399902  
409.6499939  
410.4700012  
411.3699951  
412.25  
413.1099854  
413.980011  
414.8699951  
415.7399902  
416.6000061  
417.3800049  
418.2099915  
419.0599976  
419.8699951  
420.7000122  
421.5499878  
422.3699951  
423.1199951  
423.9700012  
424.7799988  
425.6900024  
426.480011  
427.2799988  
428.1799927  
428.9599915  
429.769989  
430.6000061  
431.3800049  
432.1499939  
432.9400024  
433.7399902  
434.5700073  
435.3299866  
436.1700134  
437.0799866  
437.9400024  
438.8099976  
439.7399902  
440.6799927  
441.5599976  
442.4500122  
443.3699951  
444.2600098  
445.1000061  
445.9400024  
446.8200073  
447.7000122  
448.5299988  
449.4400024  
450.3299866  
451.2200012  
452.1000061  
452.980011  
453.8800049  
454.75  
455.6400146  
456.4899902  
457.3699951  
458.2600098  
459.1300049  
459.9500122  
460.8399963  
461.7099915  
462.6000061  
463.4599915  
464.3599854  
465.2399902  
466.0799866  
466.9200134  
467.7900085  
468.6000061  
469.4200134  
470.230011  
471.0799866  
471.8599854  
472.7200012  
473.5899963  
474.5  
475.3900146  
476.2200012  
477.0899963  
477.9700012  
478.8200073  
479.6900024  
480.5599976  
481.4700012  
482.2900085  
483.1300049  
483.9700012  
484.769989  
485.6099854  
486.3800049  
487.1900024  
488.0400085  
488.8999939  
489.730011  
490.5700073  
491.4599915  
492.2799988  
493.1099854  
493.9700012  
494.8699951  
495.6700134  
496.5299988  
497.3699951  
498.1799927  
498.9100037  
499.6600037  
500.4100037  
501.2200012  
502.0400085  
502.8699951  
503.730011  
504.6000061  
505.5100098  
506.3399963  
507.230011  
508.1099854  
508.9599915  
509.75  
510.6099854  
511.4599915  
512.289978  
513.1425781  
513.9758911  
514.7991943  
515.7199707  
516.5800171  
517.460022  
518.3599854  
519.2299805  
520.039978  
520.9299927  
521.7999878  
522.7000122  
523.4500122  
524.2999878  
525.210022  
525.960022  
526.7800293  
527.6199951  
528.5100098  
529.3099976  
530.210022  
531.039978  
531.9400024  
532.75  
533.5999756  
534.4500122  
535.3099976  
536.1199951  
536.9500122  
537.7600098  
538.5900269  
539.3699951  
540.2199707  
541.0900269  
541.8800049  
542.7999878  
543.6699829  
544.5900269  
545.4099731  
546.3300171  
547.25  
548.1199951  
548.9899902  
549.8800049  
550.8099976  
551.7000122  
552.539978  
553.4500122  
554.289978  
555.1099854  
555.9400024  
556.8099976  
557.7000122  
558.5300293  
559.4500122  
560.3400269  
561.2299805  
562.0999756  
562.9799805  
563.8400269  
564.7399902  
565.6199951  
566.4699707  
567.3800049  
568.2199707  
569.0599976  
569.8800049  
570.710022  
571.5599976  
572.3800049  
573.289978  
574.1500244  
575.0300293  
575.8499756  
576.710022  
577.5300293  
578.3599854  
579.2299805  
580.1099854  
580.9400024  
581.7999878  
582.710022  
583.5200195  
584.3599854  
585.2199707  
586.0900269  
586.960022  
587.789978  
588.5999756  
589.4099731  
590.2299805  
591.0200195  
591.789978  
592.6099854  
593.4400024  
594.2199707  
595.0300293  
595.8499756  
596.6500244  
597.460022  
598.3599854  
599.2299805  
600.1099854  
600.9299927  
601.7800293  
602.6099854  
603.460022  
604.2999878  
605.210022  
606.039978  
606.8699951  
607.710022  
608.539978  
609.4299927  
610.2399902  
611.0900269  
611.9400024  
612.7999878  
613.5999756  
614.460022  
615.3200073  
616.1500244  
616.9899902  
617.8800049  
618.7299805  
619.5200195  
620.3300171  
621.0900269  
621.8499756  
622.539978  
623.2800293  
624  
624.789978  
625.6199951  
626.3800049  
627.1900024  
628.0599976  
628.9099731  
629.75  
630.6199951  
631.4899902  
632.3800049  
633.2299805  
634.1300049  
634.960022  
635.7700195  
636.5499878  
637.3800049  
638.1900024  
639.0499878  
639.789978  
640.5700073  
641.4299927  
642.289978  
643.1300049  
643.9099731  
644.7000122  
645.5499878  
646.3300171  
647.0800171  
647.9000244  
648.7399902  
649.539978  
650.3300171  
651.1699829  
652.0100098  
652.8200073  
653.6199951  
654.5100098  
655.3900146  
656.2399902  
657.0900269  
657.9699707  
658.7999878  
659.5800171  
660.4000244  
661.2600098  
662.0300293  
662.8300171  
663.6699829  
664.539978  
665.4000244  
666.2399902  
667.1599731  
668.0499878  
668.9000244  
669.7700195  
670.6400146  
671.539978  
672.460022  
673.2299805  
674.1400146  
675.0300293  
675.789978  
676.5800171  
677.3800049  
678.1900024  
678.9699707  
679.8800049  
680.7999878  
681.7199707  
682.5999756  
683.4400024  
684.2999878  
685.1099854  
685.9299927  
686.8099976  
687.7199707  
688.5200195  
689.3699951  
690.2600098  
691.1599731  
691.960022  
692.8800049  
693.75  
694.5900269  
695.4000244  
696.3300171  
697.1699829  
697.9000244  
698.7399902  
699.5200195  
700.3099976  
701.0800171  
701.8499756  
702.7399902  
703.4400024  
704.2700195  
705.1099854  
706.0700073  
706.789978  
707.6099854  
708.4299927  
709.289978  
710.1099854  
710.8599854  
711.7000122  
712.5300293  
713.2800293  
714.0599976  
714.8800049  
715.7000122  
716.4099731  
717.1799927  
717.9699707  
718.75  
719.5200195  
720.2999878  
721.0100098  
721.789978  
722.5300293  
723.2700195  
724.039978  
724.7800293  
725.5300293  
726.2299805  
726.9500122  
727.710022  
728.3599854  
729.0599976  
729.7600098  
730.4699707  
731.1599731  
731.8499756  
732.5300293  
733.1900024  
733.8300171  
734.5200195  
735.210022  
735.8400269  
736.4000244  
737.0999756  
737.7399902  
738.4299927  
739.0499878  
739.6799927  
740.3200073  
741.0200195  
741.6400146  
742.2800293  
742.960022  
743.6599731  
744.2999878  
744.960022  
745.6199951  
746.3300171  
747.0200195  
747.7199707  
748.4199829  
749.1300049  
749.7700195  
750.4799805  
751.1799927  
751.9299927  
752.7000122  
753.3499756  
754.0499878  
754.7800293  
755.539978  
756.2399902  
757.0100098  
757.7299805  
758.5  
759.210022  
759.9500122  
760.7000122  
761.4000244  
762.1099854  
762.8800049  
763.5900269  
764.3599854  
765.1099854  
765.7999878  
766.5800171  
767.289978  
768.1099854  
768.8400269  
769.6099854  
770.4000244  
771.1500244  
771.8699951  
772.7000122  
773.4299927  
774.1900024  
774.960022  
775.7800293  
776.6300049  
777.4500122  
778.210022  
779.0599976  
779.9500122  
780.7700195  
781.6400146  
782.5300293  
783.4299927  
784.2199707  
785.1099854  
785.9500122  
786.8499756  
787.6099854  
788.5100098  
789.3800049  
790.25  
791.0700073  
791.9299927  
792.8099976  
793.7299805  
794.539978  
795.3800049  
796.3099976  
797.1699829  
797.9699707  
798.8099976  
799.6099854  
800.4000244  
801.1500244  
801.8800049  
802.7000122  
803.4899902  
804.210022  
804.9500122  
805.789978  
806.6300049  
807.3800049  
808.2700195  
809.1199951  
809.9500122  
810.789978  
811.6500244  
812.460022  
813.289978  
814.1300049  
815.0300293  
815.789978  
816.6400146  
817.5300293  
818.3499756  
819.2000122  
820.1099854  
820.9500122  
821.789978  
822.710022  
823.5900269  
824.4500122  
825.2999878  
826.1699829  
827.0100098  
827.8300171  
828.6799927  
829.5800171  
830.3900146  
831.25  
832.1099854  
832.9000244  
833.7999878  
834.6699829  
835.4799805  
836.3200073  
837.1699829  
838.039978  
838.8300171  
839.6900024  
840.5499878  
841.3200073  
842.0999756  
842.9500122  
843.8200073  
844.6799927  
845.539978  
846.4000244  
847.2800293  
848.1199951  
848.9799805  
849.789978  
850.7000122  
851.4799805  
852.289978  
853.2000122  
854.0499878  
854.789978  
855.6300049  
856.4799805  
857.2800293  
858.1099854  
858.9000244  
859.75  
860.539978  
861.3200073  
862.1099854  
862.9699707  
863.8200073  
864.5300293  
865.3200073  
866.0900269  
866.8499756  
867.5300293  
868.289978  
869.0599976  
869.75  
870.4500122  
871.3900146  
872.1799927  
872.8099976  
873.8099976  
874.5999756  
875.4500122  
876.1599731  
876.9299927  
877.710022  
878.4199829  
879.1300049  
879.8800049  
880.6300049  
881.4699707  
882.2399902  
883.039978  
883.9099731  
884.6799927  
885.4699707  
886.3099976  
887.25  
887.9699707  
888.8200073  
889.5999756  
890.5499878  
891.3300171  
892.1599731  
893.1199951  
893.9000244  
894.6799927  
895.539978  
896.4799805  
897.2399902  
897.98  
898.82  
899.67  
900.46  
901.27  
902.07  
902.91  
903.77  
904.64  
