0.000000 0.000000 
0.048104 0.133932 
0.046358 0.186349 
0.065004 0.247594 
0.046905 0.077291 
0.070961 0.171072 
0.082181 0.262147 
0.069560 0.153909 
0.037745 0.130818 
0.066253 0.319165 
0.067718 0.358863 
0.068336 0.230056 
0.048832 0.129290 
0.073169 0.196395 
0.057691 0.264017 
0.030396 0.272020 
0.026044 0.157038 
0.041508 0.162616 
0.049767 0.324051 
0.024442 0.312151 
0.055988 0.323525 
0.025132 0.205619 
0.029178 0.094782 
0.037659 0.144039 
0.051744 0.199165 
0.094074 0.237018 
0.063788 0.331523 
0.082340 0.258805 
0.101306 0.215768 
0.055993 0.107237 
0.035238 0.098191 
0.052187 0.273416 
0.079291 0.276548 
0.043389 0.234870 
0.065754 0.126460 
0.051779 0.160318 
0.044122 0.202220 
0.043750 0.337260 
0.044154 0.283633 
0.069688 0.211381 
0.053513 0.129192 
0.038572 0.069942 
0.045670 0.155209 
0.029050 0.220202 
0.061679 0.228538 
0.060649 0.174409 
0.064450 0.133395 
0.073738 0.132240 
0.047497 0.184186 
0.026390 0.264986 
0.038900 0.245085 
0.053044 0.141938 
0.022153 0.120236 
0.046013 0.181007 
0.029626 0.228250 
0.059342 0.051029 
0.038713 0.173094 
0.092907 0.202674 
0.058312 0.117598 
0.057419 0.117593 
0.047412 0.235689 
0.052894 0.258441 
0.039790 0.305046 
0.021538 0.112162 
0.022621 0.169761 
0.070010 0.195136 
0.029189 0.317180 
0.073393 0.323100 
0.091338 0.222145 
0.071791 0.096964 
0.019947 0.174865 
0.022238 0.246689 
0.076583 0.251684 
0.086611 0.188135 
0.078050 0.174010 
0.071317 0.102214 
0.035435 0.160500 
0.032878 0.217707 
0.099261 0.281179 
0.079388 0.166279 
0.030635 0.131407 
0.042794 0.167645 
0.064800 0.245883 
0.019639 0.201043 
0.036743 0.191675 
0.019658 0.228039 
0.077367 0.265978 
0.062593 0.144019 
0.035829 0.170661 
0.058549 0.240582 
0.087769 0.357214 
0.089506 0.250523 
0.058799 0.143860 
0.066793 0.188068 
0.077581 0.269906 
0.077302 0.220094 
0.097259 0.110500 
0.083016 0.198762 
0.074220 0.267096 
0.059495 0.278233 
0.075152 0.165205 
0.083671 0.138865 
0.073152 0.242077 
0.074119 0.229194 
0.071472 0.158352 
0.063372 0.150613 
0.032108 0.253325 
0.064672 0.267235 
0.037810 0.161261 
0.045452 0.184080 
0.032588 0.372118 
0.067919 0.277019 
0.050163 0.184081 
0.077679 0.228856 
0.064963 0.318921 
0.053074 0.188123 
0.044254 0.292845 
0.044509 0.292075 
0.046159 0.317071 
0.043481 0.233367 
0.054117 0.179253 
0.065322 0.301616 
0.057383 0.347597 
0.063530 0.147715 
0.049765 0.219800 
0.032173 0.498777 
0.044486 0.119465 
0.077640 0.221768 
0.093957 0.486184 
0.106164 0.138651 
0.105125 0.256938 
0.070596 0.217623 
0.057177 0.266393 
0.048927 0.264794 
0.065965 0.162845 
0.044732 0.267237 
0.053410 0.294471 
0.071941 0.347162 
0.052770 0.256489 
0.052997 0.242983 
0.083869 0.218456 
0.059722 0.381205 
0.072806 0.336649 
0.075020 0.237807 
0.075652 0.194018 
0.079512 0.285872 
0.036425 0.442769 
0.055493 0.337947 
0.084464 0.254641 
0.216890 0.227172 
0.053481 0.205915 
0.059226 0.314495 
0.093667 0.417489 
0.127437 0.385377 
0.254706 0.235084 
0.403915 0.199925 
0.278675 0.271107 
0.247698 0.401115 
0.200569 0.322480 
0.250148 0.263099 
0.201361 0.250346 
0.152315 0.398085 
0.167197 0.443795 
0.160906 0.319729 
0.172413 0.256254 
0.156962 0.221242 
0.141997 0.371046 
0.198444 0.251016 
0.191967 0.187031 
0.153074 0.270693 
0.184237 0.284129 
0.293331 0.363678 
0.188083 0.420811 
0.173930 0.335866 
0.200423 0.281660 
0.205553 0.239354 
0.169475 0.313554 
0.237718 0.367137 
0.193439 0.316230 
0.224852 0.286708 
0.264498 0.328702 
0.236199 0.340955 
0.219938 0.285130 
0.149301 0.353284 
0.358101 0.154170 
0.237458 0.241364 
0.203300 0.299985 
0.206503 0.441052 
0.208432 0.400751 
0.396202 0.316769 
0.309987 0.344784 
0.451751 0.447945 
0.370129 0.382688 
0.372959 0.364502 
0.386131 0.545855 
0.346458 0.558217 
0.279456 0.411810 
0.261903 0.373589 
0.260027 0.433458 
0.310013 0.356002 
0.337162 0.466399 
0.461668 0.387976 
0.655280 0.584656 
0.587204 0.491744 
0.596581 0.296282 
0.492940 0.444148 
0.633504 0.468418 
0.753637 0.418819 
0.878830 0.350167 
1.006104 0.370054 
0.824122 0.508730 
0.969231 0.495641 
1.248582 0.422848 
1.220562 0.274926 
1.118292 0.444283 
1.037474 0.519950 
1.085944 0.508943 
1.147650 0.363274 
1.066501 0.329700 
1.078947 0.258306 
0.997587 0.462332 
1.037542 0.420705 
0.972373 0.379181 
1.054459 0.377606 
1.186252 0.353650 
1.025303 0.403121 
0.953137 0.413382 
0.911283 0.448216 
0.933366 0.477567 
0.918830 0.393077 
0.973556 0.233209 
1.134281 0.232286 
1.075596 0.249007 
1.098159 0.373956 
1.089738 0.323549 
1.084806 0.208065 
1.015235 0.385895 
1.013562 0.343819 
1.017619 0.310362 
1.028936 0.241614 
1.007452 0.238304 
1.033664 0.250532 
1.102386 0.367572 
1.371864 0.291778 
1.492989 0.308042 
1.203660 0.286652 
1.170843 0.355688 
1.006807 0.550239 
0.947526 0.109899 
0.897289 0.210543 
0.963652 0.263084 
0.951101 0.249759 
0.997893 0.182995 
1.133780 0.136181 
1.123733 0.221199 
1.077811 0.285012 
1.049740 0.187271 
1.004167 0.244808 
0.944361 0.285955 
0.899614 0.215439 
0.972214 0.211413 
0.971795 0.188892 
0.908267 0.272387 
0.903668 0.342183 
0.919154 0.356843 
0.913764 0.224690 
0.924261 0.202963 
1.093834 0.192782 
1.126563 0.170256 
1.014603 0.202772 
0.997379 0.152741 
1.043222 0.274301 
1.024043 0.119948 
0.944114 0.206266 
1.204485 0.350686 
1.249671 0.233589 
1.540570 0.231155 
1.720771 0.249242 
1.672048 0.206297 
1.492282 0.169562 
1.461853 0.157376 
1.323968 0.150870 
1.306123 0.062325 
1.308720 0.181530 
1.310110 0.229169 
1.282804 0.166709 
1.249445 0.157574 
1.267329 0.111888 
1.177732 0.103914 
1.175114 0.245273 
1.215304 0.209863 
1.205910 0.229369 
1.210763 0.180000 
1.199151 0.177168 
1.191034 0.134736 
1.141096 0.173195 
1.160462 0.174612 
1.114272 0.089939 
1.167503 0.112016 
1.168153 0.185527 
1.195120 0.141810 
1.090443 0.164218 
1.127696 0.206975 
1.092405 0.227048 
1.091009 0.175657 
1.049416 0.186257 
1.009699 0.147692 
1.050880 0.176378 
1.018671 0.245229 
0.932372 0.313343 
0.929828 0.347107 
0.947338 0.156401 
0.953128 0.164557 
0.941293 0.283861 
0.901243 0.280057 
0.942185 0.200322 
0.932479 0.308684 
0.882575 0.453665 
0.850611 0.348497 
0.892322 0.327316 
0.903478 0.366362 
0.871503 0.457035 
0.844279 0.337290 
0.876085 0.289813 
0.854852 0.283831 
0.888302 0.319878 
0.860873 0.372311 
0.846429 0.317950 
0.836341 0.432182 
0.880339 0.431922 
0.830142 0.489097 
0.825453 0.490925 
0.826670 0.461234 
0.820471 0.448020 
0.842864 0.459781 
0.861266 0.481066 
0.816301 0.572505 
0.770614 0.509634 
0.801695 0.439612 
0.752347 0.415905 
0.784891 0.431003 
0.758734 0.513559 
0.722907 0.412787 
0.812172 0.430664 
0.811711 0.533559 
0.785800 0.651682 
0.701104 0.506690 
0.731821 0.453260 
0.772417 0.460110 
0.748676 0.531969 
0.702792 0.567119 
0.658734 0.601829 
0.677951 0.593909 
0.680366 0.503149 
0.665343 0.470483 
0.688223 0.576471 
0.650116 0.570248 
0.693263 0.520637 
0.691553 0.463095 
0.682735 0.480359 
