0.000000 
0.048104 
0.046358 
0.065004 
0.046905 
0.070961 
0.082181 
0.069560 
0.037745 
0.066253 
0.067718 
0.068336 
0.048832 
0.073169 
0.057691 
0.030396 
0.026044 
0.041508 
0.049767 
0.024442 
0.055988 
0.025132 
0.029178 
0.037659 
0.051744 
0.094074 
0.063788 
0.082340 
0.101306 
0.055993 
0.035238 
0.052187 
0.079291 
0.043389 
0.065754 
0.051779 
0.044122 
0.043750 
0.044154 
0.069688 
0.053513 
0.038572 
0.045670 
0.029050 
0.061679 
0.060649 
0.064450 
0.073738 
0.047497 
0.026390 
0.038900 
0.053044 
0.022153 
0.046013 
0.029626 
0.059342 
0.038713 
0.092907 
0.058312 
0.057419 
0.047412 
0.052894 
0.039790 
0.021538 
0.022621 
0.070010 
0.029189 
0.073393 
0.091338 
0.071791 
0.019947 
0.022238 
0.076583 
0.086611 
0.078050 
0.071317 
0.035435 
0.032878 
0.099261 
0.079388 
0.030635 
0.042794 
0.064800 
0.019639 
0.036743 
0.019658 
0.077367 
0.062593 
0.035829 
0.058549 
0.087769 
0.089506 
0.058799 
0.066793 
0.077581 
0.077302 
0.097259 
0.083016 
0.074220 
0.059495 
0.075152 
0.083671 
0.073152 
0.074119 
0.071472 
0.063372 
0.032108 
0.064672 
0.037810 
0.045452 
0.032588 
0.067919 
0.050163 
0.077679 
0.064963 
0.053074 
0.044254 
0.044509 
0.046159 
0.043481 
0.054117 
0.065322 
0.057383 
0.063530 
0.049765 
0.032173 
0.044486 
0.077640 
0.093957 
0.106164 
0.105125 
0.070596 
0.057177 
0.048927 
0.065965 
0.044732 
0.053410 
0.071941 
0.052770 
0.052997 
0.083869 
0.059722 
0.072806 
0.075020 
0.075652 
0.079512 
0.036425 
0.055493 
0.084464 
0.216890 
0.053481 
0.059226 
0.093667 
0.127437 
0.254706 
0.403915 
0.278675 
0.247698 
0.200569 
0.250148 
0.201361 
0.152315 
0.167197 
0.160906 
0.172413 
0.156962 
0.141997 
0.198444 
0.191967 
0.153074 
0.184237 
0.293331 
0.188083 
0.173930 
0.200423 
0.205553 
0.169475 
0.237718 
0.193439 
0.224852 
0.264498 
0.236199 
0.219938 
0.149301 
0.358101 
0.237458 
0.203300 
0.206503 
0.208432 
0.396202 
0.309987 
0.451751 
0.370129 
0.372959 
0.386131 
0.346458 
0.279456 
0.261903 
0.260027 
0.310013 
0.337162 
0.461668 
0.655280 
0.587204 
0.596581 
0.492940 
0.633504 
0.753637 
0.878830 
1.006104 
0.824122 
0.969231 
1.248582 
1.220562 
1.118292 
1.037474 
1.085944 
1.147650 
1.066501 
1.078947 
0.997587 
1.037542 
0.972373 
1.054459 
1.186252 
1.025303 
0.953137 
0.911283 
0.933366 
0.918830 
0.973556 
1.134281 
1.075596 
1.098159 
1.089738 
1.084806 
1.015235 
1.013562 
1.017619 
1.028936 
1.007452 
1.033664 
1.102386 
1.371864 
1.492989 
1.203660 
1.170843 
1.006807 
0.947526 
0.897289 
0.963652 
0.951101 
0.997893 
1.133780 
1.123733 
1.077811 
1.049740 
1.004167 
0.944361 
0.899614 
0.972214 
0.971795 
0.908267 
0.903668 
0.919154 
0.913764 
0.924261 
1.093834 
1.126563 
1.014603 
0.997379 
1.043222 
1.024043 
0.944114 
1.204485 
1.249671 
1.540570 
1.720771 
1.672048 
1.492282 
1.461853 
1.323968 
1.306123 
1.308720 
1.310110 
1.282804 
1.249445 
1.267329 
1.177732 
1.175114 
1.215304 
1.205910 
1.210763 
1.199151 
1.191034 
1.141096 
1.160462 
1.114272 
1.167503 
1.168153 
1.195120 
1.090443 
1.127696 
1.092405 
1.091009 
1.049416 
1.009699 
1.050880 
1.018671 
0.932372 
0.929828 
0.947338 
0.953128 
0.941293 
0.901243 
0.942185 
0.932479 
0.882575 
0.850611 
0.892322 
0.903478 
0.871503 
0.844279 
0.876085 
0.854852 
0.888302 
0.860873 
0.846429 
0.836341 
0.880339 
0.830142 
0.825453 
0.826670 
0.820471 
0.842864 
0.861266 
0.816301 
0.770614 
0.801695 
0.752347 
0.784891 
0.758734 
0.722907 
0.812172 
0.811711 
0.785800 
0.701104 
0.731821 
0.772417 
0.748676 
0.702792 
0.658734 
0.677951 
0.680366 
0.665343 
0.688223 
0.650116 
0.693263 
0.691553 
0.682735 
