0.000000 
0.133932 
0.186349 
0.247594 
0.077291 
0.171072 
0.262147 
0.153909 
0.130818 
0.319165 
0.358863 
0.230056 
0.129290 
0.196395 
0.264017 
0.272020 
0.157038 
0.162616 
0.324051 
0.312151 
0.323525 
0.205619 
0.094782 
0.144039 
0.199165 
0.237018 
0.331523 
0.258805 
0.215768 
0.107237 
0.098191 
0.273416 
0.276548 
0.234870 
0.126460 
0.160318 
0.202220 
0.337260 
0.283633 
0.211381 
0.129192 
0.069942 
0.155209 
0.220202 
0.228538 
0.174409 
0.133395 
0.132240 
0.184186 
0.264986 
0.245085 
0.141938 
0.120236 
0.181007 
0.228250 
0.051029 
0.173094 
0.202674 
0.117598 
0.117593 
0.235689 
0.258441 
0.305046 
0.112162 
0.169761 
0.195136 
0.317180 
0.323100 
0.222145 
0.096964 
0.174865 
0.246689 
0.251684 
0.188135 
0.174010 
0.102214 
0.160500 
0.217707 
0.281179 
0.166279 
0.131407 
0.167645 
0.245883 
0.201043 
0.191675 
0.228039 
0.265978 
0.144019 
0.170661 
0.240582 
0.357214 
0.250523 
0.143860 
0.188068 
0.269906 
0.220094 
0.110500 
0.198762 
0.267096 
0.278233 
0.165205 
0.138865 
0.242077 
0.229194 
0.158352 
0.150613 
0.253325 
0.267235 
0.161261 
0.184080 
0.372118 
0.277019 
0.184081 
0.228856 
0.318921 
0.188123 
0.292845 
0.292075 
0.317071 
0.233367 
0.179253 
0.301616 
0.347597 
0.147715 
0.219800 
0.498777 
0.119465 
0.221768 
0.486184 
0.138651 
0.256938 
0.217623 
0.266393 
0.264794 
0.162845 
0.267237 
0.294471 
0.347162 
0.256489 
0.242983 
0.218456 
0.381205 
0.336649 
0.237807 
0.194018 
0.285872 
0.442769 
0.337947 
0.254641 
0.227172 
0.205915 
0.314495 
0.417489 
0.385377 
0.235084 
0.199925 
0.271107 
0.401115 
0.322480 
0.263099 
0.250346 
0.398085 
0.443795 
0.319729 
0.256254 
0.221242 
0.371046 
0.251016 
0.187031 
0.270693 
0.284129 
0.363678 
0.420811 
0.335866 
0.281660 
0.239354 
0.313554 
0.367137 
0.316230 
0.286708 
0.328702 
0.340955 
0.285130 
0.353284 
0.154170 
0.241364 
0.299985 
0.441052 
0.400751 
0.316769 
0.344784 
0.447945 
0.382688 
0.364502 
0.545855 
0.558217 
0.411810 
0.373589 
0.433458 
0.356002 
0.466399 
0.387976 
0.584656 
0.491744 
0.296282 
0.444148 
0.468418 
0.418819 
0.350167 
0.370054 
0.508730 
0.495641 
0.422848 
0.274926 
0.444283 
0.519950 
0.508943 
0.363274 
0.329700 
0.258306 
0.462332 
0.420705 
0.379181 
0.377606 
0.353650 
0.403121 
0.413382 
0.448216 
0.477567 
0.393077 
0.233209 
0.232286 
0.249007 
0.373956 
0.323549 
0.208065 
0.385895 
0.343819 
0.310362 
0.241614 
0.238304 
0.250532 
0.367572 
0.291778 
0.308042 
0.286652 
0.355688 
0.550239 
0.109899 
0.210543 
0.263084 
0.249759 
0.182995 
0.136181 
0.221199 
0.285012 
0.187271 
0.244808 
0.285955 
0.215439 
0.211413 
0.188892 
0.272387 
0.342183 
0.356843 
0.224690 
0.202963 
0.192782 
0.170256 
0.202772 
0.152741 
0.274301 
0.119948 
0.206266 
0.350686 
0.233589 
0.231155 
0.249242 
0.206297 
0.169562 
0.157376 
0.150870 
0.062325 
0.181530 
0.229169 
0.166709 
0.157574 
0.111888 
0.103914 
0.245273 
0.209863 
0.229369 
0.180000 
0.177168 
0.134736 
0.173195 
0.174612 
0.089939 
0.112016 
0.185527 
0.141810 
0.164218 
0.206975 
0.227048 
0.175657 
0.186257 
0.147692 
0.176378 
0.245229 
0.313343 
0.347107 
0.156401 
0.164557 
0.283861 
0.280057 
0.200322 
0.308684 
0.453665 
0.348497 
0.327316 
0.366362 
0.457035 
0.337290 
0.289813 
0.283831 
0.319878 
0.372311 
0.317950 
0.432182 
0.431922 
0.489097 
0.490925 
0.461234 
0.448020 
0.459781 
0.481066 
0.572505 
0.509634 
0.439612 
0.415905 
0.431003 
0.513559 
0.412787 
0.430664 
0.533559 
0.651682 
0.506690 
0.453260 
0.460110 
0.531969 
0.567119 
0.601829 
0.593909 
0.503149 
0.470483 
0.576471 
0.570248 
0.520637 
0.463095 
0.480359 
